1000 0.474
2000 0.4665
3000 0.4706666666666667
4000 0.46875
5000 0.4716
6000 0.4718333333333333
7000 0.4682857142857143
8000 0.47025
9000 0.4697777777777778
10000 0.4683
11000 0.4678181818181818
12000 0.46741666666666665
13000 0.4676923076923077
14000 0.4669285714285714
15000 0.464
16000 0.4644375
17000 0.46376470588235297
18000 0.4643333333333333
19000 0.46373684210526317
20000 0.46245
21000 0.46190476190476193
22000 0.4616818181818182
23000 0.46143478260869564
24000 0.46208333333333335
25000 0.46184
26000 0.46103846153846156
27000 0.4602222222222222
28000 0.46067857142857144
29000 0.4597586206896552
30000 0.4603
31000 0.4605806451612903
32000 0.46090625
33000 0.46024242424242423
34000 0.46
35000 0.46054285714285714
36000 0.46119444444444446
37000 0.4610810810810811
38000 0.46063157894736845
39000 0.46071794871794874
40000 0.46125
41000 0.46131707317073173
42000 0.4619285714285714
43000 0.4617209302325581
44000 0.4615
45000 0.4617111111111111
46000 0.46193478260869564
47000 0.46180851063829786
48000 0.46145833333333336
49000 0.46118367346938777
50000 0.46118
51000 0.461
52000 0.46125
53000 0.46132075471698114
54000 0.4610185185185185
55000 0.46138181818181817
56000 0.46135714285714285
57000 0.4614561403508772
58000 0.46127586206896554
59000 0.4609830508474576
60000 0.46063333333333334
61000 0.4606065573770492
62000 0.4604354838709677
63000 0.46036507936507937
64000 0.460546875
65000 0.4606923076923077
66000 0.4605909090909091
67000 0.4607014925373134
68000 0.46088235294117647
69000 0.461
70000 0.461
71000 0.46087323943661973
72000 0.46105555555555555
73000 0.46086301369863014
74000 0.46063513513513515
75000 0.4605066666666667
76000 0.46025
77000 0.4607272727272727
78000 0.4610897435897436
79000 0.4610632911392405
80000 0.46075
81000 0.4605185185185185
82000 0.46025609756097563
83000 0.460144578313253
84000 0.46063095238095236
85000 0.46050588235294115
86000 0.46076744186046514
87000 0.4608965517241379
88000 0.4611590909090909
89000 0.4611685393258427
90000 0.4610111111111111
91000 0.461010989010989
92000 0.4612173913043478
93000 0.461
94000 0.46070212765957447
95000 0.4608
96000 0.46051041666666664
97000 0.460659793814433
98000 0.4604285714285714
99000 0.4605151515151515
100000 0.46008