1000 0.463
2000 0.4605
3000 0.4613333333333333
4000 0.45525
5000 0.4596
6000 0.4613333333333333
7000 0.46185714285714285
8000 0.460375
9000 0.4593333333333333
10000 0.4562
11000 0.45990909090909093
12000 0.46091666666666664
13000 0.458
14000 0.45721428571428574
15000 0.4587333333333333
16000 0.456375
17000 0.45658823529411763
18000 0.4555
19000 0.45452631578947367
20000 0.4541
21000 0.454
22000 0.4545
23000 0.45517391304347826
24000 0.4545416666666667
25000 0.45448
26000 0.4545769230769231
27000 0.455
28000 0.4555
29000 0.45517241379310347
30000 0.4556
31000 0.4561612903225806
32000 0.4565625
33000 0.45715151515151514
34000 0.457
35000 0.45745714285714284
36000 0.4579722222222222
37000 0.4580810810810811
38000 0.4581578947368421
39000 0.45792307692307693
40000 0.4581
41000 0.4586585365853659
42000 0.4589761904761905
43000 0.4589767441860465
44000 0.45947727272727273
45000 0.4594666666666667
46000 0.45895652173913043
47000 0.4592978723404255
48000 0.45929166666666665
49000 0.45891836734693875
50000 0.45848
51000 0.45841176470588235
52000 0.45805769230769233
53000 0.458188679245283
54000 0.4582037037037037
55000 0.45845454545454545
56000 0.45882142857142855
57000 0.4589298245614035
58000 0.45877586206896553
59000 0.4583728813559322
60000 0.45843333333333336
61000 0.4585409836065574
62000 0.45829032258064517
63000 0.4584761904761905
64000 0.458734375
65000 0.45864615384615387
66000 0.4586363636363636
67000 0.45861194029850744
68000 0.4586911764705882
69000 0.4585072463768116
70000 0.45831428571428573
71000 0.45856338028169014
72000 0.4588611111111111
73000 0.4589041095890411
74000 0.4592972972972973
75000 0.45952
76000 0.45948684210526314
77000 0.45946753246753247
78000 0.4597051282051282
79000 0.45972151898734176
80000 0.4595875
81000 0.4599012345679012
82000 0.4595975609756098
83000 0.45940963855421685
84000 0.4595
85000 0.4598470588235294
86000 0.45972093023255817
87000 0.45939080459770115
88000 0.45946590909090906
89000 0.459438202247191
90000 0.4594
91000 0.45962637362637365
92000 0.4597173913043478
93000 0.45983870967741935
94000 0.45989361702127657
95000 0.45977894736842106
96000 0.45957291666666666
97000 0.4592783505154639
98000 0.45922448979591834
99000 0.4591010101010101
100000 0.45931