1000 0.444
2000 0.453
3000 0.4543333333333333
4000 0.46425
5000 0.465
6000 0.4663333333333333
7000 0.4644285714285714
8000 0.465125
9000 0.4642222222222222
10000 0.4643
11000 0.4642727272727273
12000 0.46366666666666667
13000 0.4633076923076923
14000 0.4637857142857143
15000 0.4632
16000 0.4641875
17000 0.46441176470588236
18000 0.4646666666666667
19000 0.46521052631578946
20000 0.46465
21000 0.465
22000 0.4657272727272727
23000 0.46591304347826085
24000 0.4651666666666667
25000 0.4654
26000 0.4644615384615385
27000 0.4652962962962963
28000 0.46489285714285716
29000 0.46386206896551724
30000 0.46426666666666666
31000 0.46438709677419354
32000 0.4645625
33000 0.46484848484848484
34000 0.46491176470588236
35000 0.4637142857142857
36000 0.46419444444444447
37000 0.4638918918918919
38000 0.4637631578947368
39000 0.4636923076923077
40000 0.464375
41000 0.46439024390243905
42000 0.46376190476190476
43000 0.46355813953488373
44000 0.4637727272727273
45000 0.46366666666666667
46000 0.4627391304347826
47000 0.463
48000 0.4628125
49000 0.4627142857142857
50000 0.46256
51000 0.46176470588235297
52000 0.4614615384615385
53000 0.4612452830188679
54000 0.46116666666666667
55000 0.46090909090909093
56000 0.4611071428571429
57000 0.46117543859649124
58000 0.46098275862068966
59000 0.46116949152542375
60000 0.4608833333333333
61000 0.461327868852459
62000 0.4612903225806452
63000 0.461984126984127
64000 0.462109375
65000 0.4619384615384615
66000 0.4617272727272727
67000 0.4616417910447761
68000 0.4613235294117647
69000 0.46160869565217394
70000 0.46154285714285714
71000 0.4614788732394366
72000 0.46125
73000 0.4611232876712329
74000 0.46125675675675676
75000 0.46136
76000 0.4612894736842105
77000 0.4606883116883117
78000 0.4607820512820513
79000 0.4607594936708861
80000 0.4611
81000 0.46111111111111114
82000 0.46132926829268295
83000 0.46136144578313254
84000 0.4610714285714286
85000 0.46081176470588237
86000 0.46076744186046514
87000 0.46108045977011497
88000 0.46097727272727274
89000 0.46080898876404497
90000 0.4608888888888889
91000 0.4612087912087912
92000 0.4613369565217391
93000 0.46123655913978495
94000 0.46122340425531916
95000 0.4613578947368421
96000 0.4611875
97000 0.46122680412371136
98000 0.4608979591836735
99000 0.4606868686868687
100000 0.46061