1000 0.457
2000 0.4645
3000 0.477
4000 0.47575
5000 0.472
6000 0.4666666666666667
7000 0.466
8000 0.47075
9000 0.4686666666666667
10000 0.4707
11000 0.47063636363636363
12000 0.46808333333333335
13000 0.4676923076923077
14000 0.4672857142857143
15000 0.467
16000 0.46525
17000 0.4653529411764706
18000 0.4653333333333333
19000 0.4644736842105263
20000 0.46405
21000 0.4632380952380952
22000 0.4654090909090909
23000 0.46630434782608693
24000 0.46508333333333335
25000 0.4644
26000 0.4640384615384615
27000 0.4629259259259259
28000 0.4635714285714286
29000 0.4633103448275862
30000 0.4633333333333333
31000 0.46361290322580645
32000 0.463625
33000 0.4631818181818182
34000 0.4638529411764706
35000 0.4638857142857143
36000 0.4638888888888889
37000 0.46413513513513516
38000 0.46457894736842104
39000 0.4644102564102564
40000 0.4645
41000 0.46487804878048783
42000 0.4645952380952381
43000 0.4646046511627907
44000 0.4646363636363636
45000 0.46486666666666665
46000 0.46467391304347827
47000 0.46504255319148935
48000 0.4648541666666667
49000 0.46479591836734696
50000 0.46498
51000 0.46494117647058825
52000 0.46525
53000 0.46549056603773586
54000 0.4651666666666667
55000 0.46496363636363636
56000 0.46498214285714284
57000 0.46507017543859647
58000 0.46479310344827585
59000 0.46508474576271186
60000 0.46455
61000 0.4647868852459016
62000 0.4647741935483871
63000 0.46453968253968253
64000 0.464203125
65000 0.4638
66000 0.4635757575757576
67000 0.46346268656716416
68000 0.46316176470588233
69000 0.46301449275362316
70000 0.46312857142857144
71000 0.4630985915492958
72000 0.4628611111111111
73000 0.462986301369863
74000 0.46297297297297296
75000 0.4628
76000 0.4630526315789474
77000 0.4632337662337662
78000 0.46312820512820513
79000 0.4631772151898734
80000 0.4632
81000 0.4631111111111111
82000 0.4629268292682927
83000 0.4633012048192771
84000 0.46340476190476193
85000 0.46343529411764706
86000 0.463593023255814
87000 0.46364367816091956
88000 0.4638181818181818
89000 0.4638202247191011
90000 0.4638777777777778
91000 0.46403296703296704
92000 0.46391304347826084
93000 0.46366666666666667
94000 0.4637659574468085
95000 0.4638736842105263
96000 0.46390625
97000 0.46375257731958763
98000 0.4639591836734694
99000 0.4638787878787879
100000 0.46403