1000 0.483
2000 0.471
3000 0.478
4000 0.475
5000 0.4722
6000 0.4706666666666667
7000 0.4695714285714286
8000 0.472125
9000 0.4746666666666667
10000 0.473
11000 0.4711818181818182
12000 0.46858333333333335
13000 0.46615384615384614
14000 0.4657857142857143
15000 0.4642
16000 0.4645
17000 0.4642941176470588
18000 0.463
19000 0.46342105263157896
20000 0.4648
21000 0.4633333333333333
22000 0.46336363636363637
23000 0.4633478260869565
24000 0.4625416666666667
25000 0.4618
26000 0.46192307692307694
27000 0.46296296296296297
28000 0.46314285714285713
29000 0.4622413793103448
30000 0.46163333333333334
31000 0.46206451612903227
32000 0.46225
33000 0.462030303030303
34000 0.4612352941176471
35000 0.4614285714285714
36000 0.4617222222222222
37000 0.46224324324324323
38000 0.46260526315789474
39000 0.4624358974358974
40000 0.4619
41000 0.46114634146341466
42000 0.4610952380952381
43000 0.46062790697674416
44000 0.4611363636363636
45000 0.4613333333333333
46000 0.46117391304347827
47000 0.46180851063829786
48000 0.46158333333333335
49000 0.46122448979591835
50000 0.4615
51000 0.46141176470588235
52000 0.4615576923076923
53000 0.46156603773584903
54000 0.46166666666666667
55000 0.4614
56000 0.4614464285714286
57000 0.4612631578947368
58000 0.461448275862069
59000 0.46179661016949153
60000 0.4619666666666667
61000 0.46162295081967214
62000 0.4614516129032258
63000 0.46134920634920634
64000 0.4615
65000 0.4613846153846154
66000 0.4616212121212121
67000 0.4612985074626866
68000 0.4617794117647059
69000 0.46169565217391306
70000 0.46164285714285713
71000 0.4617746478873239
72000 0.46184722222222224
73000 0.4616986301369863
74000 0.46154054054054056
75000 0.4614533333333333
76000 0.4615394736842105
77000 0.4614935064935065
78000 0.4617051282051282
79000 0.4618607594936709
80000 0.462
81000 0.4619135802469136
82000 0.46202439024390246
83000 0.4620602409638554
84000 0.4622857142857143
85000 0.4623058823529412
86000 0.4620232558139535
87000 0.46216091954022986
88000 0.46229545454545456
89000 0.46215730337078653
90000 0.46195555555555556
91000 0.46178021978021977
92000 0.4617934782608696
93000 0.4619247311827957
94000 0.4619893617021277
95000 0.4619263157894737
96000 0.46210416666666665
97000 0.46210309278350514
98000 0.4618061224489796
99000 0.4619393939393939
100000 0.4619