1000 0.456
2000 0.463
3000 0.454
4000 0.45975
5000 0.4614
6000 0.4615
7000 0.4647142857142857
8000 0.461125
9000 0.46066666666666667
10000 0.461
11000 0.45790909090909093
12000 0.4583333333333333
13000 0.45584615384615385
14000 0.4557857142857143
15000 0.4558
16000 0.4553125
17000 0.45523529411764707
18000 0.45605555555555555
19000 0.45621052631578946
20000 0.45535
21000 0.4563809523809524
22000 0.45654545454545453
23000 0.45617391304347826
24000 0.45725
25000 0.4576
26000 0.458
27000 0.45781481481481484
28000 0.4569285714285714
29000 0.45679310344827584
30000 0.4578333333333333
31000 0.458
32000 0.4570625
33000 0.4575757575757576
34000 0.4575294117647059
35000 0.45785714285714285
36000 0.4581388888888889
37000 0.4584594594594595
38000 0.45963157894736845
39000 0.4596153846153846
40000 0.45945
41000 0.45907317073170734
42000 0.4591190476190476
43000 0.459046511627907
44000 0.4591363636363636
45000 0.45924444444444446
46000 0.45952173913043476
47000 0.4594255319148936
48000 0.45945833333333336
49000 0.4592857142857143
50000 0.45876
51000 0.4588039215686274
52000 0.4590192307692308
53000 0.4589433962264151
54000 0.4585740740740741
55000 0.45854545454545453
56000 0.4588035714285714
57000 0.4584561403508772
58000 0.4581896551724138
59000 0.45805084745762714
60000 0.45755
61000 0.4576065573770492
62000 0.4574677419354839
63000 0.4577301587301587
64000 0.457953125
65000 0.4576923076923077
66000 0.45740909090909093
67000 0.4575373134328358
68000 0.4573529411764706
69000 0.45720289855072466
70000 0.4574285714285714
71000 0.4575070422535211
72000 0.4573611111111111
73000 0.4573013698630137
74000 0.4572027027027027
75000 0.4569066666666667
76000 0.4570526315789474
77000 0.4569220779220779
78000 0.4567820512820513
79000 0.4565822784810127
80000 0.456925
81000 0.4566296296296296
82000 0.4562560975609756
83000 0.45618072289156625
84000 0.4564166666666667
85000 0.4566823529411765
86000 0.4568488372093023
87000 0.45698850574712646
88000 0.45698863636363635
89000 0.4573820224719101
90000 0.45765555555555554
91000 0.45787912087912086
92000 0.4576304347826087
93000 0.4575698924731183
94000 0.457468085106383
95000 0.4576
96000 0.4569166666666667
97000 0.4571237113402062
98000 0.4570204081632653
99000 0.456989898989899
100000 0.45713