1000 0.461
2000 0.473
3000 0.4656666666666667
4000 0.464
5000 0.4624
6000 0.4685
7000 0.46914285714285714
8000 0.46825
9000 0.4641111111111111
10000 0.4639
11000 0.4647272727272727
12000 0.4643333333333333
13000 0.4643846153846154
14000 0.46464285714285714
15000 0.4643333333333333
16000 0.4639375
17000 0.46294117647058824
18000 0.4628333333333333
19000 0.4633684210526316
20000 0.4638
21000 0.46414285714285713
22000 0.4644090909090909
23000 0.46456521739130435
24000 0.4638333333333333
25000 0.46296
26000 0.46384615384615385
27000 0.4634814814814815
28000 0.4626071428571429
29000 0.4623103448275862
30000 0.4621
31000 0.4617741935483871
32000 0.4615625
33000 0.4607878787878788
34000 0.4606470588235294
35000 0.4603714285714286
36000 0.46052777777777776
37000 0.4609189189189189
38000 0.46107894736842103
39000 0.46066666666666667
40000 0.46065
41000 0.4611219512195122
42000 0.4609761904761905
43000 0.461
44000 0.4612727272727273
45000 0.46142222222222223
46000 0.4608478260869565
47000 0.46174468085106385
48000 0.4611875
49000 0.46110204081632655
50000 0.46074
51000 0.46068627450980393
52000 0.4605
53000 0.46056603773584903
54000 0.46061111111111114
55000 0.4610181818181818
56000 0.4609107142857143
57000 0.4612631578947368
58000 0.4611896551724138
59000 0.46088135593220336
60000 0.46055
61000 0.4602295081967213
62000 0.46041935483870966
63000 0.4604761904761905
64000 0.460515625
65000 0.46047692307692306
66000 0.46066666666666667
67000 0.46079104477611943
68000 0.461
69000 0.46107246376811595
70000 0.4612
71000 0.4609014084507042
72000 0.46108333333333335
73000 0.46143835616438356
74000 0.4617162162162162
75000 0.46184
76000 0.46171052631578946
77000 0.4614805194805195
78000 0.4615897435897436
79000 0.46184810126582276
80000 0.4618875
81000 0.4618641975308642
82000 0.46189024390243905
83000 0.4620120481927711
84000 0.4618452380952381
85000 0.46176470588235297
86000 0.46163953488372095
87000 0.4615977011494253
88000 0.46182954545454546
89000 0.46202247191011236
90000 0.4617888888888889
91000 0.4616923076923077
92000 0.4618152173913043
93000 0.46202150537634407
94000 0.46201063829787237
95000 0.4619473684210526
96000 0.46190625
97000 0.4618144329896907
98000 0.4617857142857143
99000 0.4617272727272727
100000 0.46178