1000 0.486
2000 0.4705
3000 0.467
4000 0.4615
5000 0.4554
6000 0.458
7000 0.4605714285714286
8000 0.458
9000 0.4553333333333333
10000 0.4537
11000 0.45390909090909093
12000 0.45416666666666666
13000 0.45692307692307693
14000 0.4567857142857143
15000 0.45793333333333336
16000 0.4584375
17000 0.4593529411764706
18000 0.4593888888888889
19000 0.4604736842105263
20000 0.46035
21000 0.4603809523809524
22000 0.4590909090909091
23000 0.4592173913043478
24000 0.45925
25000 0.4584
26000 0.45815384615384613
27000 0.4588888888888889
28000 0.4591071428571429
29000 0.4592413793103448
30000 0.4595666666666667
31000 0.45983870967741935
32000 0.4600625
33000 0.4595757575757576
34000 0.4592058823529412
35000 0.4596571428571429
36000 0.46055555555555555
37000 0.461
38000 0.46081578947368423
39000 0.4605641025641026
40000 0.460725
41000 0.4612926829268293
42000 0.4611904761904762
43000 0.4612790697674419
44000 0.46104545454545454
45000 0.46064444444444447
46000 0.4608478260869565
47000 0.4602978723404255
48000 0.4605625
49000 0.4605102040816327
50000 0.4606
51000 0.4602745098039216
52000 0.46003846153846156
53000 0.4597735849056604
54000 0.45994444444444443
55000 0.4596727272727273
56000 0.45971428571428574
57000 0.4596842105263158
58000 0.4596896551724138
59000 0.45964406779661016
60000 0.4596
61000 0.459655737704918
62000 0.4599354838709677
63000 0.45974603174603174
64000 0.4598125
65000 0.4598
66000 0.4599848484848485
67000 0.4602238805970149
68000 0.46026470588235296
69000 0.45992753623188404
70000 0.45985714285714285
71000 0.4599014084507042
72000 0.45984722222222224
73000 0.4598082191780822
74000 0.45987837837837836
75000 0.45966666666666667
76000 0.4597631578947368
77000 0.45994805194805194
78000 0.45984615384615385
79000 0.45977215189873416
80000 0.4594875
81000 0.4590740740740741
82000 0.45939024390243904
83000 0.4592289156626506
84000 0.45913095238095236
85000 0.4591294117647059
86000 0.45911627906976743
87000 0.45916091954022986
88000 0.45926136363636366
89000 0.459438202247191
90000 0.45942222222222223
91000 0.4594725274725275
92000 0.459304347826087
93000 0.4591290322580645
94000 0.45941489361702126
95000 0.45923157894736844
96000 0.4594479166666667
97000 0.4594226804123711
98000 0.4592857142857143
99000 0.45935353535353535
100000 0.45912