1000 0.458
2000 0.455
3000 0.45966666666666667
4000 0.46175
5000 0.4636
6000 0.46316666666666667
7000 0.4635714285714286
8000 0.461625
9000 0.4618888888888889
10000 0.4613
11000 0.46190909090909094
12000 0.45966666666666667
13000 0.45876923076923076
14000 0.4595
15000 0.45753333333333335
16000 0.4571875
17000 0.45858823529411763
18000 0.45844444444444443
19000 0.45794736842105266
20000 0.4581
21000 0.45795238095238094
22000 0.4576363636363636
23000 0.45669565217391306
24000 0.45695833333333336
25000 0.45628
26000 0.45603846153846156
27000 0.4558888888888889
28000 0.4556071428571429
29000 0.4552413793103448
30000 0.4551
31000 0.4558709677419355
32000 0.45540625
33000 0.45681818181818185
34000 0.4563235294117647
35000 0.45645714285714284
36000 0.4572777777777778
37000 0.4576486486486486
38000 0.4573421052631579
39000 0.4574102564102564
40000 0.457175
41000 0.4570975609756098
42000 0.4575714285714286
43000 0.4576511627906977
44000 0.4578181818181818
45000 0.45815555555555554
46000 0.45795652173913043
47000 0.45804255319148934
48000 0.45839583333333334
49000 0.4590612244897959
50000 0.45942
51000 0.45945098039215687
52000 0.4591923076923077
53000 0.4592452830188679
54000 0.459
55000 0.4592363636363636
56000 0.45923214285714287
57000 0.45980701754385966
58000 0.4597241379310345
59000 0.460135593220339
60000 0.46013333333333334
61000 0.4602622950819672
62000 0.46014516129032257
63000 0.46036507936507937
64000 0.46059375
65000 0.46010769230769233
66000 0.46040909090909093
67000 0.46023880597014927
68000 0.4601029411764706
69000 0.460231884057971
70000 0.46067142857142857
71000 0.46069014084507043
72000 0.4607361111111111
73000 0.460972602739726
74000 0.46114864864864863
75000 0.46126666666666666
76000 0.46140789473684213
77000 0.46120779220779223
78000 0.46115384615384614
79000 0.4611898734177215
80000 0.4612875
81000 0.46130864197530863
82000 0.46125609756097563
83000 0.46154216867469877
84000 0.4616190476190476
85000 0.4617058823529412
86000 0.4616511627906977
87000 0.4618045977011494
88000 0.4620681818181818
89000 0.46208988764044945
90000 0.4620444444444444
91000 0.46186813186813186
92000 0.46192391304347824
93000 0.4619569892473118
94000 0.4619893617021277
95000 0.4616736842105263
96000 0.4615416666666667
97000 0.4612783505154639
98000 0.4612551020408163
99000 0.46116161616161616
100000 0.46139