1000 0.436
2000 0.4495
3000 0.44966666666666666
4000 0.44875
5000 0.4544
6000 0.4595
7000 0.45871428571428574
8000 0.457875
9000 0.45666666666666667
10000 0.4565
11000 0.4591818181818182
12000 0.45766666666666667
13000 0.45892307692307693
14000 0.45935714285714285
15000 0.45893333333333336
16000 0.4568125
17000 0.45641176470588235
18000 0.45661111111111113
19000 0.45763157894736844
20000 0.4579
21000 0.4574761904761905
22000 0.4580909090909091
23000 0.45856521739130435
24000 0.459125
25000 0.4586
26000 0.4593846153846154
27000 0.45855555555555555
28000 0.45925
29000 0.45955172413793105
30000 0.46016666666666667
31000 0.4599032258064516
32000 0.46034375
33000 0.46054545454545454
34000 0.4602352941176471
35000 0.4596571428571429
36000 0.45925
37000 0.45905405405405403
38000 0.46002631578947367
39000 0.4602820512820513
40000 0.46055
41000 0.46019512195121953
42000 0.46016666666666667
43000 0.4602093023255814
44000 0.4601590909090909
45000 0.45957777777777775
46000 0.4604130434782609
47000 0.4606808510638298
48000 0.46041666666666664
49000 0.460265306122449
50000 0.46052
51000 0.46078431372549017
52000 0.46103846153846156
53000 0.46073584905660375
54000 0.4607962962962963
55000 0.4604909090909091
56000 0.4604642857142857
57000 0.4603333333333333
58000 0.46020689655172414
59000 0.45991525423728813
60000 0.46015
61000 0.46052459016393443
62000 0.4603548387096774
63000 0.4606190476190476
64000 0.4603125
65000 0.46026153846153844
66000 0.4603030303030303
67000 0.46038805970149255
68000 0.46001470588235294
69000 0.4604057971014493
70000 0.4606
71000 0.4604225352112676
72000 0.460375
73000 0.4601917808219178
74000 0.46064864864864863
75000 0.46064
76000 0.4609078947368421
77000 0.4607922077922078
78000 0.46087179487179486
79000 0.46069620253164556
80000 0.46055
81000 0.4605185185185185
82000 0.4603048780487805
83000 0.460144578313253
84000 0.46014285714285713
85000 0.4601294117647059
86000 0.46019767441860465
87000 0.46020689655172414
88000 0.46026136363636366
89000 0.46039325842696627
90000 0.46024444444444446
91000 0.4604065934065934
92000 0.4602391304347826
93000 0.4601075268817204
94000 0.45982978723404255
95000 0.45973684210526317
96000 0.4599479166666667
97000 0.4601237113402062
98000 0.4601938775510204
99000 0.46001010101010104
100000 0.46023